"","gender","Age","Attitude","Points","Deep_adj","Surf_adj","Stra_adj"
"1","F",53,37,25,3.58333333333333,2.58333333333333,3.375
"2","M",55,31,12,2.91666666666667,3.16666666666667,2.75
"3","F",49,25,24,3.5,2.25,3.625
"4","M",53,35,10,3.5,2.25,3.125
"5","M",49,37,22,3.66666666666667,2.83333333333333,3.625
"6","F",38,38,21,4.75,2.41666666666667,3.625
"7","M",50,35,21,3.83333333333333,1.91666666666667,2.25
"8","F",37,29,31,3.25,2.83333333333333,4
"9","M",37,38,24,4.33333333333333,2.16666666666667,4.25
"10","F",42,21,26,4,3,3.5
"11","M",37,39,31,3.58333333333333,2.66666666666667,3.625
"12","F",34,38,31,3.83333333333333,2.41666666666667,4.75
"13","F",34,24,23,4.25,2.25,3.625
"14","F",34,30,25,3.33333333333333,2.75,3.5
"15","M",35,26,21,4.16666666666667,2.33333333333333,1.75
"17","F",33,41,31,3.66666666666667,2.33333333333333,3.875
"18","F",32,26,20,4.08333333333333,2.91666666666667,1.375
"19","F",44,26,22,3.5,2.5,3.25
"20","M",29,17,9,4.08333333333333,3.75,3
"21","F",30,27,24,4,2.75,3.75
"22","M",27,39,28,3.91666666666667,2.33333333333333,2.625
"23","M",29,34,30,4,2.41666666666667,2.375
"24","F",31,27,24,4,3,3.625
"25","F",37,23,9,3.66666666666667,2.41666666666667,2.75
"26","F",26,37,26,3.66666666666667,2.83333333333333,1.75
"27","F",26,44,32,4.41666666666667,3.16666666666667,3.25
"28","M",30,41,32,3.91666666666667,3,4
"30","F",33,37,33,3.75,2,3.625
"31","F",33,25,29,3.25,3.5,2.875
"32","M",28,30,30,3.58333333333333,3.75,3
"33","M",26,34,19,4.91666666666667,2.5,1.625
"34","F",27,32,23,3.58333333333333,2.08333333333333,3.25
"35","F",25,20,19,2.91666666666667,2.41666666666667,3.5
"36","F",31,24,12,3.66666666666667,2.58333333333333,3
"37","M",20,42,10,4.5,1.58333333333333,3.25
"38","F",39,16,11,4.08333333333333,2.83333333333333,1.875
"39","M",38,31,20,3.83333333333333,1.83333333333333,4.375
"40","M",24,38,26,3.25,2.41666666666667,3.625
"41","M",26,38,31,2.33333333333333,3.25,2.5
"42","M",25,33,20,3.33333333333333,3.41666666666667,1.25
"43","F",30,17,23,4.08333333333333,3.41666666666667,4
"44","F",25,25,12,2.91666666666667,3.16666666666667,3
"45","M",30,32,24,3.33333333333333,3.5,2.5
"46","F",48,35,17,3.83333333333333,2.66666666666667,4.875
"47","F",24,32,29,3.66666666666667,2.41666666666667,5
"48","F",40,42,23,4.66666666666667,3.58333333333333,4.375
"49","M",25,31,28,3.75,2.08333333333333,3.25
"50","F",23,39,31,3.41666666666667,3.75,4
"51","F",25,19,23,4.16666666666667,2.91666666666667,3.125
"52","F",23,21,25,2.91666666666667,2.91666666666667,2.5
"53","M",27,25,18,4.16666666666667,2.41666666666667,3.125
"54","M",25,32,19,3.58333333333333,3,3.25
"55","M",23,32,22,2.83333333333333,3.41666666666667,2.125
"56","F",23,26,25,4,2.91666666666667,2.75
"57","F",23,23,21,2.91666666666667,3.25,2.375
"58","F",45,38,9,3,3.25,3.125
"59","F",22,28,28,4.08333333333333,2.33333333333333,4
"60","F",23,33,25,2.91666666666667,3.25,4
"61","M",21,48,29,3.5,2.5,2.25
"62","M",21,40,33,4.33333333333333,1.75,3.25
"63","F",21,40,33,4.25,2.25,3.625
"64","F",21,47,25,3.41666666666667,2.08333333333333,3.625
"65","F",26,23,18,3.08333333333333,2.83333333333333,2.5
"66","F",25,31,22,4.58333333333333,2.83333333333333,1.875
"67","F",26,27,17,3.41666666666667,2.41666666666667,2
"68","M",21,41,25,3.41666666666667,2.25,1.875
"70","F",23,34,28,3.41666666666667,2.83333333333333,4
"71","F",22,25,22,3.58333333333333,2.25,2.875
"72","F",22,21,26,1.58333333333333,1.83333333333333,3.875
"73","F",22,14,11,3.33333333333333,2.91666666666667,2.5
"74","F",23,19,29,4.33333333333333,2.91666666666667,2.75
"75","M",22,37,22,4.41666666666667,2.08333333333333,4.5
"77","M",23,32,21,4.83333333333333,2.33333333333333,3.375
"78","M",24,28,28,3.08333333333333,2.41666666666667,2.625
"79","F",22,41,33,3,2.75,4.125
"80","F",23,25,16,4.08333333333333,3.25,2.625
"81","M",22,28,31,4.08333333333333,1.75,2.25
"82","M",20,38,22,3.75,2.58333333333333,2.75
"83","M",22,31,31,3.08333333333333,3.33333333333333,3
"84","M",21,35,23,4.75,2.83333333333333,1.625
"85","F",22,36,26,4.25,2.5,1.875
"86","F",23,26,12,4.16666666666667,2.41666666666667,3.375
"87","M",21,44,26,4.41666666666667,2.41666666666667,3.75
"88","M",22,45,31,3.83333333333333,2.58333333333333,2.125
"89","M",29,32,19,3.33333333333333,3,2.375
"91","F",29,39,30,3.16666666666667,2,2.75
"92","F",21,25,12,3.16666666666667,3.41666666666667,3.125
"93","M",28,33,17,3.83333333333333,2.83333333333333,3.5
"95","F",21,33,18,4.25,2.25,2.625
"96","F",30,30,19,3.83333333333333,2.75,3.375
"97","F",21,29,21,3.66666666666667,3.91666666666667,2.25
"98","M",23,33,24,3.83333333333333,2.33333333333333,3
"99","F",21,33,28,3.83333333333333,2.75,4
"100","F",21,35,17,3.83333333333333,2.75,3.5
"101","F",20,36,18,3.66666666666667,2.91666666666667,2.625
"103","M",22,37,17,4.33333333333333,2.08333333333333,2.5
"105","M",21,42,23,3.75,3.66666666666667,3.75
"107","M",21,32,26,4.16666666666667,2.83333333333333,3.625
"108","F",20,50,28,4,3.41666666666667,4.125
"109","M",22,47,31,4,1.58333333333333,4.375
"110","F",20,36,27,4.58333333333333,2.91666666666667,2.625
"111","F",20,36,25,3.66666666666667,3,4
"112","M",24,29,23,3.66666666666667,2.91666666666667,2.75
"113","F",20,35,21,3.83333333333333,2.66666666666667,2.75
"114","F",19,40,27,2.58333333333333,3,1.375
"115","F",21,35,28,3.5,2.75,2.25
"116","F",21,32,23,3.08333333333333,3.08333333333333,3.625
"117","F",22,26,21,4.25,2.5,3.75
"118","F",25,20,25,3.16666666666667,2.33333333333333,4
"119","F",21,27,11,3.08333333333333,3,3.125
"120","F",22,32,19,4.16666666666667,3,3.25
"121","F",25,33,24,2.25,4,2.125
"122","F",20,39,28,3.33333333333333,3.25,2.875
"123","M",24,33,21,3.08333333333333,3.5,1.5
"124","F",20,30,24,2.75,3.5,2.5
"125","M",21,37,24,3.25,3.83333333333333,3.25
"128","F",20,25,20,4,2.91666666666667,3.625
"129","F",20,29,19,3.58333333333333,2.16666666666667,3.875
"130","M",31,39,30,4.08333333333333,1.66666666666667,3.875
"131","F",20,36,22,4.25,2.08333333333333,2.375
"132","F",22,29,16,3.41666666666667,2.83333333333333,3
"133","F",22,21,16,3.08333333333333,3.41666666666667,3.375
"134","M",21,31,19,3.5,3.33333333333333,2.75
"136","M",22,40,30,3.66666666666667,2.58333333333333,4.5
"137","F",21,31,23,4.25,2.83333333333333,2.625
"138","F",21,23,19,4.25,3.33333333333333,2.75
"139","F",21,28,18,3.83333333333333,3,3.25
"140","F",21,37,28,4.41666666666667,2.58333333333333,4.125
"141","F",20,26,21,3.5,2.41666666666667,3.375
"142","F",21,24,19,3.58333333333333,3.58333333333333,2.75
"143","F",25,30,27,3.66666666666667,2.08333333333333,4.125
"146","M",21,28,24,2.08333333333333,4.33333333333333,3.25
"147","F",24,29,21,4.25,2.66666666666667,2.875
"148","F",20,24,20,3.58333333333333,3,2.875
"149","M",21,31,28,4,2.66666666666667,2.375
"150","F",20,19,12,3.33333333333333,2.16666666666667,3.875
"151","F",20,20,21,3.5,2.66666666666667,2.125
"152","F",18,38,28,3.16666666666667,2.25,4
"153","F",21,34,31,3.58333333333333,2.66666666666667,3.25
"154","F",19,37,18,3.41666666666667,3.33333333333333,2.625
"155","F",21,29,25,4.25,3.5,2.75
"156","F",20,23,19,3.25,2.75,4
"157","M",21,41,21,4.41666666666667,2,3
"158","F",20,27,16,3.25,2.83333333333333,3.375
"159","F",21,35,7,3.91666666666667,3.5,3.875
"160","F",20,34,21,3.58333333333333,2.5,3.25
"161","F",18,32,17,4.5,3.16666666666667,3.375
"162","M",22,33,22,3.58333333333333,3.08333333333333,4.125
"163","F",22,33,18,3.66666666666667,2.91666666666667,3.5
"164","M",24,35,25,2.58333333333333,3.16666666666667,2
"165","F",19,32,24,4.16666666666667,2.5,3.625
"166","F",20,31,23,3.25,3.83333333333333,3.375
"168","F",20,28,23,4.33333333333333,2.25,2.125
"169","F",17,17,26,3.91666666666667,3.41666666666667,4.625
"170","M",19,19,12,2.66666666666667,3.75,2.5
"172","F",20,35,32,3.08333333333333,3,2.875
"173","F",20,24,22,3.75,2.58333333333333,2.75
"175","F",20,21,20,4.16666666666667,3.33333333333333,4
"176","F",20,29,21,4.16666666666667,2.83333333333333,2.375
"177","F",19,19,23,3.25,3,3.875
"178","F",19,20,20,4.08333333333333,2.83333333333333,3.375
"179","F",22,42,28,2.91666666666667,3.16666666666667,1.75
"180","M",35,41,31,3.83333333333333,2.75,3
"181","F",18,37,18,3.16666666666667,3.41666666666667,2.625
"182","F",19,36,30,3.41666666666667,3,2.625
"183","M",21,18,19,4.08333333333333,2.66666666666667,3.375
